24 0.39140625 0.32734375 0.2 0.1578125
24 0.28984375 0.58125 0.19609375 0.171875
24 0.72265625 0.6078125 0.25390625 0.1875
24 0.49296875 0.68359375 0.20234375 0.1515625
24 0.70078125 0.81171875 0.28125 0.2515625
24 0.18046875 0.8828125 0.22265625 0.1875
24 0.09453125 0.33203125 0.1890625 0.1671875
24 0.28671875 0.19375 0.18125 0.146875
24 0.446875 0.1640625 0.14375 0.15625
24 0.58125 0.1984375 0.1875 0.159375
24 0.625 0.40390625 0.2 0.1546875
24 0.55 0.5265625 0.19609375 0.14375
24 0.73984375 0.26328125 0.19609375 0.1484375
24 0.78046875 0.39140625 0.19375 0.1484375