24 0.42109375 0.34453125 0.22890625 0.1671875
24 0.60703125 0.60546875 0.17734375 0.1765625
24 0.740625 0.36953125 0.23984375 0.1859375
24 0.63828125 0.23046875 0.16875 0.1484375
24 0.17421875 0.17109375 0.18125 0.1296875
24 0.121875 0.2703125 0.18515625 0.11875
24 0.47734375 0.8890625 0.225 0.175
24 0.80078125 0.7359375 0.23984375 0.1625
24 0.85546875 0.57265625 0.23125 0.1515625
24 0.09765625 0.54140625 0.1953125 0.1421875
24 0.25 0.3578125 0.19609375 0.13125
24 0.378125 0.4984375 0.24375 0.2
24 0.43046875 0.21640625 0.20234375 0.1234375
24 0.646875 0.0609375 0.18125 0.121875