24 0.39609375 0.4703125 0.23359375 0.165625
24 0.73359375 0.55078125 0.2375 0.1703125
24 0.44296875 0.63359375 0.27734375 0.2015625
24 0.34453125 0.81796875 0.26875 0.2015625
24 0.29453125 0.18515625 0.17265625 0.1390625
24 0.12578125 0.15703125 0.18125 0.1484375
24 0.746875 0.33515625 0.15625 0.1546875
24 0.37734375 0.290625 0.1625 0.115625
24 0.225 0.58828125 0.19609375 0.1359375
24 0.215625 0.44296875 0.18125 0.1265625
24 0.70859375 0.8703125 0.26640625 0.184375
24 0.75859375 0.20625 0.17109375 0.121875