24 0.25546875 0.33046875 0.22734375 0.1640625
24 0.61796875 0.75859375 0.27265625 0.2265625
24 0.58203125 0.24140625 0.17734375 0.1484375
24 0.13671875 0.2046875 0.20234375 0.14375
24 0.396875 0.6546875 0.20625 0.15625
24 0.18046875 0.58203125 0.18984375 0.1734375
24 0.12890625 0.8859375 0.22109375 0.175
24 0.86875 0.54921875 0.2625 0.1890625
24 0.80546875 0.4203125 0.23984375 0.128125
24 0.778125 0.26640625 0.21015625 0.1671875
24 0.921875 0.21015625 0.15625 0.1296875
24 0.428125 0.1890625 0.19375 0.140625