9 0.253125 0.29453125 0.23125 0.1796875
9 0.46875 0.30625 0.20859375 0.18125
9 0.690625 0.31953125 0.25234375 0.1859375
9 0.42734375 0.46328125 0.24140625 0.1609375
9 0.665625 0.48671875 0.22734375 0.1828125
9 0.41875 0.62734375 0.2375 0.1765625
9 0.63984375 0.659375 0.24609375 0.190625
9 0.37578125 0.81953125 0.24375 0.1921875
9 0.60078125 0.84921875 0.21875 0.2140625
9 0.925 0.37265625 0.15 0.1109375
9 0.9203125 0.46484375 0.159375 0.1109375
9 0.9234375 0.565625 0.153125 0.109375
9 0.915625 0.6609375 0.16875 0.10625
9 0.91875 0.7609375 0.1625 0.109375
9 0.9109375 0.85546875 0.178125 0.1171875