22 0.20625 0.490625 0.1 0.065625
22 0.36484375 0.6234375 0.09609375 0.084375
22 0.153125 0.6890625 0.11015625 0.075
22 0.65390625 0.81328125 0.10859375 0.0828125
22 0.465625 0.71328125 0.11484375 0.0703125
22 0.390625 0.8296875 0.15234375 0.08125
22 0.20859375 0.8171875 0.12109375 0.096875
22 0.43125 0.50859375 0.1 0.0640625
22 0.584375 0.5765625 0.09375 0.071875
22 0.59375 0.721875 0.1125 0.06875
22 0.70859375 0.72265625 0.1 0.1015625
22 0.625 0.94609375 0.10859375 0.0765625
22 0.32109375 0.909375 0.13359375 0.08125