22 0.1375 0.69375 0.125 0.075
22 0.315625 0.68984375 0.10234375 0.0734375
22 0.15078125 0.56640625 0.08984375 0.0765625
22 0.565625 0.590625 0.12265625 0.06875
22 0.690625 0.67734375 0.12734375 0.0765625
22 0.553125 0.696875 0.11015625 0.090625
22 0.42421875 0.76953125 0.10234375 0.0765625
22 0.20078125 0.43828125 0.08984375 0.0640625
22 0.89453125 0.57421875 0.11875 0.0609375
22 0.83046875 0.6859375 0.08984375 0.075
22 0.70234375 0.81875 0.13359375 0.09375
22 0.43359375 0.84140625 0.12890625 0.0796875
22 0.278125 0.53203125 0.10625 0.0609375
22 0.37734375 0.51796875 0.09140625 0.0703125