9 0.428125 0.22109375 0.21015625 0.1578125
9 0.39765625 0.353125 0.20859375 0.175
9 0.615625 0.3703125 0.21484375 0.165625
9 0.59453125 0.515625 0.21875 0.175
9 0.575 0.68671875 0.23359375 0.1859375
9 0.29765625 0.8578125 0.24140625 0.2
9 0.54375 0.88046875 0.25859375 0.2203125
9 0.78984375 0.89453125 0.25 0.2078125
9 0.80390625 0.69765625 0.2375 0.2046875
9 0.80234375 0.5359375 0.225 0.14375
9 0.82578125 0.38828125 0.23125 0.1546875
9 0.81953125 0.24453125 0.19375 0.1421875
9 0.62734375 0.2203125 0.2125 0.153125
9 0.19765625 0.33671875 0.23359375 0.1609375
9 0.2375 0.19296875 0.2125 0.1671875