17 0.61953125 0.5671875 0.23515625 0.140625
17 0.13046875 0.7921875 0.21484375 0.16875
17 0.46171875 0.80859375 0.24375 0.1828125
17 0.771875 0.25078125 0.16875 0.1515625
17 0.56484375 0.14609375 0.15 0.1640625
17 0.44921875 0.2046875 0.19375 0.121875
17 0.58125 0.4109375 0.22109375 0.18125
17 0.83671875 0.5984375 0.23984375 0.134375
17 0.2 0.55703125 0.17109375 0.1296875
17 0.16015625 0.30703125 0.2125 0.1234375
17 0.865625 0.10859375 0.17265625 0.1359375
17 0.49140625 0.65546875 0.2375 0.1421875
17 0.75 0.71015625 0.19140625 0.1890625
17 0.65625 0.84140625 0.17109375 0.1765625