26 0.33203125 0.41328125 0.16875 0.1359375
26 0.49453125 0.43515625 0.17734375 0.1390625
26 0.36875 0.6078125 0.175 0.115625
26 0.91171875 0.54921875 0.16484375 0.1390625
26 0.74296875 0.23828125 0.15625 0.1171875
26 0.75 0.3765625 0.20390625 0.1125
26 0.15234375 0.21640625 0.15390625 0.0921875
26 0.571875 0.06484375 0.12734375 0.1171875
26 0.27734375 0.89140625 0.175 0.1859375
26 0.50625 0.77734375 0.17890625 0.1328125
26 0.68046875 0.75859375 0.16015625 0.1328125
26 0.11015625 0.696875 0.17109375 0.13125
26 0.1625 0.5125 0.15859375 0.125
26 0.13203125 0.40546875 0.16875 0.1140625
26 0.46328125 0.3171875 0.16875 0.121875
26 0.534375 0.24375 0.17265625 0.109375
26 0.27109375 0.1046875 0.13359375 0.0875