17 0.14921875 0.559375 0.23125 0.171875
17 0.46171875 0.8609375 0.28515625 0.225
17 0.64765625 0.5734375 0.2625 0.159375
17 0.79765625 0.7453125 0.23359375 0.225
17 0.6875 0.8921875 0.20859375 0.196875
17 0.60625 0.39296875 0.28359375 0.2234375
17 0.8 0.47421875 0.22109375 0.1546875
17 0.88203125 0.609375 0.23515625 0.178125
17 0.83359375 0.19140625 0.20859375 0.1828125
17 0.4375 0.1203125 0.225 0.146875
17 0.59375 0.0734375 0.19609375 0.146875
17 0.30703125 0.28828125 0.23125 0.1640625
17 0.29375 0.4984375 0.18359375 0.128125