31 0.33671875 0.290625 0.19765625 0.153125
31 0.375 0.4265625 0.2 0.153125
31 0.2375 0.49140625 0.22109375 0.1578125
31 0.26171875 0.7625 0.24765625 0.190625
31 0.465625 0.8046875 0.25234375 0.225
31 0.68984375 0.7375 0.25859375 0.18125
31 0.72734375 0.53984375 0.225 0.1765625
31 0.90703125 0.56953125 0.18515625 0.1765625
31 0.503125 0.3546875 0.21015625 0.153125
31 0.74765625 0.3484375 0.24609375 0.165625
31 0.72890625 0.221875 0.2 0.13125
31 0.42890625 0.18359375 0.2125 0.1578125
31 0.9140625 0.32421875 0.171875 0.1609375