26 0.275 0.43515625 0.17109375 0.1203125
26 0.31953125 0.62578125 0.17734375 0.1203125
26 0.87265625 0.54609375 0.19140625 0.1515625
26 0.68828125 0.38125 0.18515625 0.1125
26 0.67734375 0.24609375 0.17109375 0.1171875
26 0.08828125 0.246875 0.15625 0.090625
26 0.471875 0.79609375 0.19375 0.1359375
26 0.8828125 0.7828125 0.234375 0.125
26 0.43984375 0.4515625 0.19140625 0.140625
26 0.5 0.0875 0.13359375 0.128125
26 0.24765625 0.72109375 0.175 0.1671875
26 0.25078125 0.9171875 0.20625 0.165625
26 0.47265625 0.2640625 0.1875 0.10625
26 0.390625 0.33046875 0.18125 0.1171875
26 0.203125 0.1359375 0.12265625 0.103125