31 0.159375 0.2578125 0.22734375 0.196875
31 0.36015625 0.31484375 0.2375 0.1765625
31 0.21640625 0.415625 0.24140625 0.184375
31 0.34609375 0.51796875 0.23359375 0.1703125
31 0.196875 0.6421875 0.25234375 0.190625
31 0.609375 0.5109375 0.23125 0.203125
31 0.82421875 0.534375 0.26875 0.18125
31 0.60625 0.16484375 0.21640625 0.1671875
31 0.259375 0.13671875 0.23515625 0.1609375
31 0.55234375 0.74296875 0.30859375 0.2046875
31 0.8625 0.73515625 0.275 0.2078125
31 0.334375 0.840625 0.29375 0.2125
31 0.63984375 0.309375 0.21640625 0.171875
31 0.84140625 0.27890625 0.25390625 0.1765625
31 0.85 0.115625 0.24140625 0.178125