24 0.30859375 0.62890625 0.1671875 0.240625
24 0.25078125 0.83125 0.178125 0.25078125
24 0.42890625 0.5421875 0.16484375 0.2640625
24 0.55 0.41640625 0.14921875 0.2578125
13 0.4171875 0.19921875 0.125 0.21953125
13 0.296875 0.44296875 0.1390625 0.22734375
24 0.19140625 0.57265625 0.1390625 0.2140625
24 0.13984375 0.33515625 0.0875 0.10703125
24 0.1875 0.16484375 0.0765625 0.1125
24 0.28671875 0.1625 0.0734375 0.1
24 0.07421875 0.171875 0.07890625 0.11015625
24 0.09140625 0.08125 0.05390625 0.075
24 0.04921875 0.371875 0.07890625 0.12890625
24 0.07890625 0.2734375 0.0921875 0.1125
26 0.1359375 0.89453125 0.109375 0.15078125
26 0.1625 0.74296875 0.11484375 0.18203125
26 0.090625 0.66796875 0.10546875 0.15234375
26 0.06484375 0.803125 0.09765625 0.17890625