26 0.42421875 0.32734375 0.15234375 0.1234375
26 0.46640625 0.44296875 0.1875 0.1328125
26 0.89609375 0.55 0.1875 0.14375
26 0.11640625 0.42734375 0.15 0.1140625
26 0.34140625 0.61328125 0.18359375 0.1203125
26 0.26015625 0.90703125 0.17890625 0.1796875
26 0.51953125 0.2546875 0.18515625 0.1125
26 0.725 0.38125 0.20859375 0.1125
26 0.48515625 0.7890625 0.175 0.125
26 0.8921875 0.78984375 0.215625 0.1359375
26 0.715625 0.24765625 0.16484375 0.1234375
26 0.24296875 0.12109375 0.12265625 0.0953125
26 0.13203125 0.22265625 0.16484375 0.0890625
26 0.303125 0.4203125 0.16484375 0.128125
26 0.65546875 0.76171875 0.16875 0.1328125
26 0.546875 0.078125 0.13515625 0.1125