17 0.54375 0.6015625 0.21640625 0.146875
17 0.24296875 0.70546875 0.28515625 0.1546875
17 0.415625 0.859375 0.18125 0.184375
17 0.66953125 0.8140625 0.25234375 0.184375
17 0.87890625 0.9203125 0.2375 0.159375
17 0.840625 0.56328125 0.18515625 0.1453125
17 0.23671875 0.20546875 0.16015625 0.1421875
17 0.459375 0.28125 0.16484375 0.134375
17 0.68984375 0.26484375 0.17109375 0.1515625
17 0.575 0.33359375 0.14609375 0.1421875
17 0.52578125 0.13671875 0.14765625 0.1390625
17 0.278125 0.46484375 0.21484375 0.1578125
17 0.32265625 0.59375 0.24609375 0.140625
17 0.44609375 0.50234375 0.18359375 0.1109375
17 0.753125 0.42578125 0.17265625 0.1109375