22 0.30078125 0.62421875 0.08046875 0.0734375
22 0.33203125 0.81953125 0.1 0.06015625
22 0.1390625 0.61796875 0.06953125 0.05703125
22 0.7359375 0.45234375 0.06484375 0.071875
22 0.303125 0.49921875 0.11484375 0.06328125
22 0.65078125 0.74921875 0.08671875 0.06640625
22 0.490625 0.74453125 0.08671875 0.0703125
22 0.590625 0.55390625 0.078125 0.06640625
22 0.309375 0.4 0.07578125 0.06171875
22 0.225 0.4484375 0.11484375 0.05703125
22 0.7609375 0.7125 0.0671875 0.06875
22 0.5546875 0.65078125 0.2453125 0.1078125