21 0.44453125 0.3171875 0.16875 0.153125
21 0.57734375 0.80859375 0.19140625 0.1578125
21 0.36171875 0.59765625 0.16484375 0.1296875
21 0.42265625 0.67890625 0.16640625 0.1203125
21 0.5125 0.61328125 0.175 0.1515625
21 0.815625 0.375 0.13515625 0.11875
21 0.68203125 0.65078125 0.21015625 0.1703125
21 0.725 0.1640625 0.18359375 0.128125
21 0.51171875 0.1328125 0.12734375 0.1125
21 0.27578125 0.3375 0.18515625 0.159375
21 0.72890625 0.86171875 0.20859375 0.1640625
21 0.86796875 0.7078125 0.14375 0.1125