26 0.546875 0.34609375 0.16484375 0.1578125
26 0.74140625 0.47578125 0.19140625 0.1453125
26 0.85546875 0.68125 0.18125 0.1625
26 0.7 0.67734375 0.21640625 0.1609375
26 0.68125 0.8234375 0.225 0.165625
26 0.16953125 0.63046875 0.18984375 0.1515625
26 0.12890625 0.50390625 0.2375 0.1453125
26 0.328125 0.52265625 0.21015625 0.1390625
26 0.103125 0.78828125 0.20625 0.2046875
26 0.4125 0.17265625 0.175 0.1515625
26 0.709375 0.2328125 0.18984375 0.153125
26 0.51171875 0.7109375 0.23515625 0.159375
26 0.51171875 0.47734375 0.22265625 0.1359375