31 0.23203125 0.37109375 0.22265625 0.1484375
31 0.37578125 0.28515625 0.20234375 0.1609375
31 0.471875 0.17578125 0.18125 0.1515625
31 0.78125 0.22890625 0.2125 0.1578125
31 0.52890625 0.5234375 0.2 0.15625
31 0.31796875 0.746875 0.22734375 0.175
31 0.73984375 0.73671875 0.25 0.1859375
31 0.51640625 0.81171875 0.2625 0.1890625
31 0.275 0.4984375 0.18359375 0.128125
31 0.13671875 0.55 0.21875 0.11875
31 0.14453125 0.65078125 0.23515625 0.1265625
31 0.54296875 0.3484375 0.18125 0.146875
31 0.23671875 0.053125 0.16875 0.10625
31 0.66796875 0.4328125 0.22265625 0.13125
31 0.76640625 0.5328125 0.22890625 0.171875
31 0.79296875 0.35390625 0.21484375 0.1484375