31 0.39375 0.284375 0.25 0.175
31 0.59609375 0.22109375 0.23359375 0.1765625
31 0.58671875 0.37578125 0.25234375 0.1859375
31 0.390625 0.43359375 0.22265625 0.1484375
31 0.378125 0.75703125 0.27265625 0.2234375
31 0.86953125 0.83359375 0.26015625 0.2453125
31 0.58671875 0.865625 0.31484375 0.2375
31 0.67890625 0.53046875 0.225 0.1609375
31 0.49140625 0.61484375 0.29609375 0.2109375
31 0.765625 0.31875 0.21875 0.1875
31 0.859375 0.4421875 0.24375 0.16875
31 0.72734375 0.109375 0.23359375 0.18125
31 0.21015625 0.29765625 0.2625 0.1859375